dimension: 2
0.000005
0.000002
dimension: 3
0.000049
0.000019
0.000011
0.000003
0.000015
dimension: 4
0.000029
0.000003
0.000045
0.000152
0.000067
0.000158
0.000030
0.000014
0.000040
0.000006
0.000026
0.000058
dimension: 5
0.000028
0.000804
0.000580
0.002389
0.000320
0.000381
0.000295
0.000119
0.000925
0.000795
0.000346
0.000390
0.000964
0.000043
0.000719
0.000540
0.000109
0.000243
0.000022
0.000229
0.001127
0.000474
0.001326
0.000287
0.000245
0.000764
0.000721
dimension: 6
0.004306
0.003629
0.000139
0.000057
0.002115
0.000150
0.003774
0.001878
0.000122
0.001605
0.004552
0.001877
0.001893
0.000812
0.000605
0.000223
0.004232
0.002572
0.002611
0.005690
0.002535
0.010961
0.004310
0.001676
0.000338
0.002334
0.001362
0.001650
0.002393
0.001893
0.003612
0.001805
0.001040
0.004527
0.000852
0.004604
0.002446
0.000767
0.001384
0.000555
0.001500
0.000568
0.003102
0.000024
0.002329
0.000406
0.000066
0.001244
0.000056
0.001231
0.000172
0.000314
0.000543
0.004588
0.004639
0.000028
0.000410
0.003991
dimension: 7
0.040326
0.010267
0.001025
0.000665
0.004357
0.010727
0.033524
0.004134
0.000563
0.032422
0.007485
0.001264
0.017957
0.032597
0.003891
0.043839
0.021621
0.005720
0.008207
0.016380
0.001244
0.013744
0.016880
0.018935
0.004668
0.014876
0.017154
0.009291
0.062152
0.004318
0.021327
0.025051
0.000758
0.004687
0.031467
0.029289
0.002674
0.005377
0.016888
0.014279
0.002678
0.011052
0.005941
0.021085
0.002024
0.010185
0.003669
0.001084
0.019967
0.017312
0.009964
0.001830
0.013041
0.047860
0.026134
0.013263
0.002695
0.029935
0.006629
0.030135
0.005592
0.003562
0.019611
0.002375
0.032327
0.046226
0.002518
0.033202
0.014335
0.006639
0.000984
0.000899
0.012440
0.001696
0.003379
0.011686
0.015875
0.016259
0.003011
0.018095
0.020171
0.020034
0.004416
0.011786
0.010112
0.011718
0.006547
0.022048
0.004256
0.004949
0.036369
0.015791
0.031299
0.001367
0.049467
0.018480
0.002624
0.011281
0.002005
0.022698
0.002990
0.002723
0.001239
0.001406
0.009360
0.022188
0.017504
0.020768
0.013737
0.010361
0.013256
0.004515
0.019503
0.022664
0.025395
0.028524
0.005098
0.021451
0.000391
0.000578
0.043227
dimension: 8
0.101495
0.055385
0.030983
0.046217
0.009372
0.030328
0.538925
0.044741
0.000082
0.027564
0.057477
0.002207
0.040991
0.026101
0.015212
0.060565
0.007063
0.019415
0.191432
0.152241
0.022448
0.052904
0.040840
0.023233
0.090861
0.025220
0.005188
0.049516
0.082223
0.045583
0.001317
0.031518
0.070596
0.024927
0.061986
0.054001
0.023649
0.017603
0.028608
0.004431
0.003036
0.030945
0.033975
0.129787
0.077160
0.115724
0.017691
0.047155
0.087830
0.032357
0.000614
0.006489
0.094637
0.103146
0.040168
0.020402
0.002961
0.016901
0.049422
0.087658
0.019245
0.264904
0.002982
0.039957
0.195503
0.039234
0.033606
0.002612
0.029335
0.287091
0.186404
0.019570
0.038628
0.195165
0.066266
0.044190
0.012632
0.058698
0.055364
0.008162
0.005521
0.005767
0.015339
0.230488
0.158922
0.175043
0.115481
0.058027
0.327046
0.165359
0.023597
0.017379
0.033307
0.072189
0.127261
0.041899
0.003528
0.048582
0.095669
0.252178
0.159768
0.044073
0.241252
0.104204
0.077175
0.132368
0.168667
0.244475
0.010296
0.067680
0.133329
0.143287
0.079626
0.121593
0.243076
0.100401
0.084501
0.082600
0.020087
0.107828
0.036447
0.031210
0.113949
0.290008
0.008633
0.393345
0.072791
0.009955
0.031390
0.127173
0.183805
0.129659
0.014099
0.046609
0.029654
0.001893
0.083908
0.301136
0.028467
0.215844
0.047806
0.050467
0.030598
0.075431
0.225622
0.068968
0.128384
0.222114
0.203177
0.072678
0.060233
0.136139
0.320906
0.016281
0.109909
0.059693
0.068053
0.168227
0.082298
0.033628
0.068848
0.031247
0.282069
0.007514
0.166821
0.052204
0.566134
0.034376
0.004161
0.147270
0.024421
0.115303
0.032446
0.027016
0.083664
0.116221
0.035878
0.050090
0.011905
0.015442
0.033024
0.091644
0.091387
0.113748
0.029402
0.177157
0.061286
0.157119
0.132516
0.191917
0.129865
0.238448
0.036521
0.021775
0.356727
0.029282
0.103659
0.031302
0.022620
0.029583
0.032834
0.025715
0.359768
0.036155
0.042448
0.048830
0.060949
0.100122
0.023170
0.168496
0.107755
0.012728
0.016834
0.013676
0.106705
0.044203
0.044234
0.014084
0.061665
0.108236
0.010010
0.054612
0.081265
0.177981
0.102940
0.026121
0.029821
0.124885
0.151847
0.007866
0.039166
0.048568
0.121386
0.091072
0.078119
0.006507
0.048465
0.363957
0.100783
0.162573
0.111225
0.103748
0.374478
0.019512
0.034327
0.090826
0.053669
0.150904
dimension: 9
0.158257
0.502605
1.290475
0.021778
0.785080
0.082343
1.997089
1.192948
0.133918
0.035798
0.263867
0.341017
0.974677
0.566667
1.412604
0.662672
1.649388
1.157036
0.644797
0.204370
1.025466
2.704708
1.181677
2.313131
1.447407
0.106539
0.023025
0.528762
0.503508
1.523465
1.719463
0.412302
2.373658
2.564084
0.143565
0.055277
0.703255
0.227552
0.230169
0.421498
0.122795
0.312579
0.000498
0.163623
0.575555
1.181531
0.173545
0.126968
0.176270
1.752277
0.299007
0.768906
0.031203
0.718547
0.053336
0.117468
0.389985
0.781274
0.320287
0.394327
0.108670
0.590935
1.637344
0.591259
0.602674
0.169639
0.009296
0.468298
0.413475
0.438088
0.159935
0.400926
0.194500
0.380048
0.557608
0.047003
0.490433
1.220263
0.620527
0.382997
1.304213
0.849949
3.652214
0.215846
1.450247
0.311563
0.040652
0.737995
0.236345
0.226966
0.354559
0.551408
0.679363
0.529124
0.814407
0.122290
0.077233
0.825153
1.312778
0.167254
0.054171
0.140961
0.667707
0.835563
0.206821
3.127489
0.811081
1.300484
1.684192
0.072062
0.505216
0.360077
1.230493
0.974071
0.425817
0.515419
0.476882
0.982481
0.559598
0.572712
0.108929
0.030487
1.069995
0.691959
0.552065
0.131076
0.458701
0.362274
0.473914
0.482107
0.800093
1.098659
0.410332
0.187338
0.312133
0.145250
1.111576
0.665776
0.551864
0.043057
0.613233
1.006924
0.926897
0.502725
0.268367
0.518187
0.071456
0.376154
0.157877
0.627118
4.445898
0.044862
1.378429
0.668719
0.912980
0.128925
0.125258
1.323031
1.766535
1.257447
0.002870
0.260767
0.886638
0.058663
0.049578
0.561283
0.600760
0.279618
0.391847
2.466026
1.233436
0.787086
1.251475
1.235138
2.866852
1.993101
0.703321
3.501071
0.691053
0.062032
0.549387
0.228724
1.025685
1.299826
0.123254
1.596282
0.356081
0.133431
0.286373
0.198770
0.524270
0.717916
0.453006
0.265152
0.455248
2.286325
1.136479
0.031703
0.056119
0.113358
0.195650
0.133935
0.856684
0.039352
0.218177
0.103116
0.049424
0.790713
0.014314
0.632003
1.327587
2.046548
0.434872
1.213535
1.643998
0.496194
0.687350
0.421603
0.462565
1.021644
1.196056
1.168630
1.903056
0.107340
0.283597
0.875063
0.307402
0.209978
0.103362
0.192135
0.238868
1.970736
0.280691
1.065987
0.974564
0.205660
0.410329
0.408582
0.358662
0.820843
0.497734
0.849910
2.839744
0.518041
0.773364
0.053942
0.373084
0.338338
0.170913
0.016378
0.222138
0.491543
0.082625
1.410507
0.011025
0.225375
0.263788
1.095078
0.784130
0.928384
0.040947
0.398321
1.151962
2.136924
0.504441
0.153830
0.548058
0.188190
0.293735
0.285557
0.562693
1.421444
0.097546
0.094001
0.030846
1.260533
0.130263
0.396616
0.583312
0.320810
0.128351
0.747552
0.250205
1.176964
0.028365
0.189348
1.144603
0.092374
0.667516
0.077773
0.278566
0.523860
2.686971
0.948733
0.393270
2.203041
0.207321
1.207063
0.519006
0.485692
0.452029
1.082115
0.762865
0.263971
1.441080
0.001583
0.587563
1.357284
0.418027
0.902425
3.398695
0.011142
0.032405
0.752826
0.711001
0.082815
1.451183
0.525466
0.054755
1.661650
1.681318
0.034972
1.944197
2.471486
1.466979
0.410879
0.025076
0.016208
0.296956
0.338222
0.379115
0.396580
0.758709
0.809799
2.147654
0.065149
0.166090
0.367425
0.248716
0.721715
0.071032
0.380869
0.249652
1.228148
0.007348
0.104955
0.311257
0.564029
0.287474
0.537748
0.191475
0.693982
0.250150
0.185008
0.352615
0.171917
0.979308
0.230775
0.580017
0.467208
0.112564
0.019407
0.878751
0.047860
1.775780
0.302590
0.051030
0.300291
0.203029
1.359414
0.892849
0.346873
0.741053
0.682616
2.505339
0.016053
0.742165
2.200343
0.744282
1.886623
1.114919
0.460912
0.015033
0.089368
0.325706
1.657850
0.389222
1.652776
0.417977
1.244392
0.052015
0.212874
0.591983
0.141688
0.570573
0.006901
0.739893
0.016437
2.066693
1.641008
1.112651
0.617670
0.819059
0.236753
0.908273
0.176296
1.948228
0.643908
0.693753
0.766689
0.597508
0.336716
0.690048
3.323564
0.569820
0.831129
1.257223
0.609633
0.186492
1.434747
0.657391
0.506503
0.022119
0.104468
0.080938
0.500285
0.088792
0.569523
1.922727
0.978883
0.659539
0.655689
0.502590
0.029863
1.482705
0.731039
1.723591
0.983649
0.583361
0.671778
0.899062
1.615120
0.183192
0.793362
0.309764
1.786126
0.458902
0.177730
0.652191
0.662735
0.549177
0.444445
0.101197
1.119244
0.669273
2.542286
0.231931
0.679931
1.349401
0.167724
0.398276
0.955521
0.679363
0.228813
0.312565
0.854973
0.567452
0.709061
0.124631
0.613097
0.578501
0.019546
0.246163
0.873510
3.983586
0.034527
1.028818
0.145865
1.107692
0.151537
1.310607
0.006531
0.251324
0.875526
0.546930
0.149539
0.003820
0.238511
0.065234
0.722791
0.614891
0.555852
0.960470
0.651195
0.162349
0.043895
0.078061
2.058775
0.349974
0.388425
0.176602
0.491119
0.171671
